# $Id: genie_ig_fi_fi_gaalbedo.config 2595 2005-08-04 10:11:30Z cvs-djl $
# AN IGCM-FIXEDOCEAN-FIXEDSEAICE INTEGRATION OF 10 YEARS, NO GRAPHICS.

EXPID=genie_ig_fi_fi_gaalbedo

ma_koverall_total=86400

# **********************************************************
# For the latitude-varying albedo
ia_lvaralbedo=.true.
# **********************************************************

# **********************************************************
# IGCM tuned parameters:
ia_zradef=3.09180402755737
ia_cloudconvnorm=0.44094017148018
ia_cloudconvbase=0.80181926488876
ia_fluxfactor=1.32747256755829
ia_enhancestable=0.37312272191048
ia_humcloudmin=0.72626066207886
ia_albedo_fix=-0.03963369876146
ia_blvad=1.13211238384247
ia_akqv=1.12771677970886
ia_increaseq=0.88879120349884
ia_rough_ocean=3.711080644279718e-04
ia_supersatconv=0.01273122709244
ia_supersatlarg=0.03298763558269
ia_emissconstb=1.278144073486328e+02
ia_humcloudmax=0.90848290920258
ia_powercloud=1.00158727169037
ia_enhancelim=2.01098895072937
ia_blrh=1.197875442504883e+02
ia_increaseu=7.33241748809814
ia_increaset=0.66781133413315
ia_shsstar=0.12936098873615
ia_emissconsta=1.15192306041718
#ia_lcr=.true.
ia_cbadjt=4.91135549545288
ia_pcloudmin=3.01310348510742
ia_pcloudfact=0.09858781844378
ia_cloudshallow=0.26417583227158
ia_cubmt=1.37142860889435
# Fixed-ocean tuned parameters:
fo_albedo_ocean=0.07422161102295
# Fixed-seaice tuned parameters:
fs_albedo_seaice=0.46517705917358
# **********************************************************
